52992
52269
52855
52062
52160
52753
52233
52863
52139
52050
52628
52524
52192
52516
52350
52381
52730
52696
52180
52497
52432
52396
52657
52171
52583
52996
52502
52109
52954
52504
52858
52154
52124
52287
52943
52818
52739
52200
52926
52226
52017
52405
52803
52873
52039
52433
52820
52794
52838
52847
52164
52241
52111
52894
52320
52201
52402
52919
52784
52689
52630
52729
52315
52030
52842
52945
52781
52775
52434
52746
52947
52485
52684
52190
52690
52313
52806
52614
52655
52544
52994
52513
52447
52019
52601
52802
52384
52209
52833
52721
52573
52980
52970
52661
52486
52654
52167
52892
52114
52845
52159
52278
52003
52578
52923
52859
52757
52415
52879
52979
52152
52971
52717
52762
52848
52261
52471
52005
52086
52178
52285
52997
52826
52668
52764
52953
52588
52864
52340
52968
52751
52329
52083
52218
52101
52706
52674
52438
52624
52022
52018
52921
52681
52054
52793
52584
52653
52785
52359
52243
52508
52989
52398
52024
52734
52257
52870
52817
52692
52964
52009
52752
52052
52891
52966
52142
52952
52738
52541
52203
52860
52759
52463
52938
52323
52327
52361
52911
52176
52638
52156
52856
52217
52110
52216
52411
52422
52460
52161
52936
52731
52983
52196
52725
52866
52395
52695
52831
52545
52701
52623
52827
52360
52394
52521
52372
52215
52465
52129
52266
52399
52877
52868
52051
52193
52128
52015
52308
52234
52665
52899
52346
52331
52380
52244
52912
52442
52942
52263
52145
52940
52895
52694
52786
52673
52184
52204
52854
52252
52704
52530
52651
52735
52079
52258
52085
52888
52744
52531
52913
52416
52445
52595
52314
52984
52857
52548
52562
52768
52514
52791
52338
52563
52374
52741
52467
52765
52096
52307
52599
52456
52529
52408
52370
52316
52625
52077
52941
52366
52472
52581
52902
52850
52962
52549
52510
52931
52045
52686
52566
52236
52745
52151
52363
52815
52102
52239
52727
52334
52669
52737
52930
52851
52162
52961
52778
52284
52580
52272
52812
52274
52608
52182
52676
52410
52571
52985
52876
52107
52426
52914
52587
52183
52187
52412
52841
52205
52796
52585
52451
52482
52948
52591
52728
52807
52882
52552
52240
52901
52221
52474
52908
52958
52916
52662
52551
52036
52667
52094
52228
52029
52594
52700
52582
52622
52298
52557
52493
52925
52789
52235
52788
52210
52166
52223
52824
52576
52318
52273
52598
52707
52641
52732
52055
52186
52849
52603
52095
52922
52087
52141
52505
52534
52969
52823
52714
52475
52348
52713
52466
52429
52255
52312
52189
52949
52148
52423
52165
52790
52736
52020
52027
52540
52640
52760
52134
52881
52280
52059
52613
52718
52130
52248
52556
52023
52150
52345
52633
52282
52222
52357
52390
52498
52869
52309
52367
52105
52454
52988
52131
52527
52448
52853
52874
52382
52249
52413
52237
52550
52755
52137
52672
52446
52487
52093
52767
52501
52246
52044
52369
52539
52397
52064
52378
52906
52414
52231
52691
52981
52008
52547
52643
52149
52458
52589
52658
52202
52932
52773
52650
52787
52379
52774
52814
52565
52321
52572
52462
52304
52604
52439
52325
52042
52491
52821
52026
52092
52652
52915
52688
52740
52832
52232
52080
52577
52113
52387
52276
52455
52296
52281
52393
52430
52352
52353
52292
52040
52469
52067
52609
52846
52245
52436
52570
52324
52517
52569
52867
52957
52999
52523
52006
52371
52401
52213
52782
52905
52146
52277
52797
52813
52229
52409
52528
52375
52934
52132
52822
52656
52188
52057
52506
52271
52974
52440
52365
52419
52126
52311
52660
52816
52265
52978
52437
52112
52596
52336
52772
52631
52251
52777
52073
52071
52034
52224
52332
52407
52000
52645
52626
52260
52597
52225
52646
52297
52420
52975
52208
52680
52227
52535
52099
52811
52834
52452
52500
52041
52496
52619
52829
52568
52441
52575
52522
52511
52489
52090
52254
52553
52444
52037
52065
52211
52697
52900
52191
52172
52494
52726
52116
52194
52214
52671
52047
52933
52386
52862
52404
52035
52355
52288
52719
52898
52300
52749
52480
52238
52207
52629
52698
52197
52606
52158
52875
52955
52559
52769
52056
52542
52716
52333
52173
52917
52627
52262
52907
52449
52537
52344
52710
52536
52418
52303
52503
52852
52195
52058
52392
52972
52406
52763
52884
52865
52733
52776
52840
52076
52909
52459
52425
52349
52616
52644
52376
52049
52290
52328
52579
52155
52960
52476
52021
52632
52495
52483
52605
52068
52699
52499
52247
52607
52893
52185
52748
52837
52555
52013
52033
52679
52153
52685
52758
52181
52362
52963
52356
52001
52889
52844
52016
52385
52135
52532
52951
52761
52032
52635
52903
52783
52168
52443
52880
52400
52937
52417
52750
52779
52358
52310
52792
52611
52293
52897
52351
52709
52828
52424
52097
52574
52468
52038
52670
52046
52586
52100
52687
52944
52998
52634
52136
52347
52250
52198
52592
52804
52342
52973
52819
52886
52063
52106
52242
52299
52403
52621
52010
52742
52012
52212
52590
52364
52286
52473
52053
52283
52564
52104
52060
52720
52117
52602
52326
52712
52887
52120
52799
52991
52457
52144
52708
52089
52766
52121
52956
52677
52986
52666
52253
52620
52715
52072
52935
52910
52993
52305
52122
52617
52711
52169
52070
52220
52543
52082
52967
52612
52904
52567
52518
52453
52872
52279
52002
52883
52450
52270
52805
52682
52427
52470
52301
52509
52206
52810
52339
52477
52663
52703
52267
52648
52959
52512
52163
52600
52081
52264
52918
52929
52084
52383
52259
52798
52174
52061
52835
52199
52484
52043
52118
52839
52885
52507
52031
52103
52330
52230
52377
52520
52388
52025
52275
52693
52982
52890
52683
52946
52526
52560
52108
52157
52028
52123
52343
52391
52341
52702
52119
52306
52808
52481
52091
52924
52771
52317
52004
52976
52175
52490
52825
52990
52515
52770
52256
52795
52074
52389
52756
52088
52678
52618
52647
52927
52177
52098
52871
52743
52939
52337
52147
52830
52069
52143
52140
52170
52723
52878
52809
52965
52007
52335
52538
52075
52995
52525
52724
52048
52066
52289
52836
52431
52519
52987
52479
52461
52843
52546
52649
52478
52554
52950
52373
52368
52639
52747
52533
52435
52127
52861
52636
52291
52319
52302
52014
52659
52664
52294
52138
52561
52421
52464
52801
52078
52780
52675
52637
52610
52428
52354
52928
52754
52705
52558
52125
52800
52179
52920
52115
52896
52322
52492
52488
52642
52133
52011
52593
52615
52977
52268
52219
52295
52722
