52225
52019
52464
52067
52912
52531
52350
52974
52498
52866
52960
52595
52013
52284
52573
52828
52584
52888
52279
52613
52338
52488
52518
52030
52979
52312
52141
52616
52107
52860
52534
52051
52940
52374
52656
52954
52495
52673
52827
52339
52635
52652
52216
52159
52779
52206
52359
52234
52634
52667
52475
52640
52484
52504
52050
52522
52463
52449
52184
52917
52055
52686
52637
52167
52356
52335
52840
52930
52654
52560
52986
52370
52706
52235
52502
52296
52133
52382
52186
52524
52525
52928
52908
52519
52198
52448
52262
52680
52237
52455
52444
52204
52872
52712
52762
52267
52642
52309
52007
52672
52121
52997
52174
52407
52869
52557
52040
52456
52318
52101
52834
52006
52173
52117
52786
52530
52689
52481
52615
52500
52715
52094
52691
52044
52685
52577
52364
52972
52528
52569
52688
52817
52285
52366
52106
52161
52022
52682
52375
52975
52537
52969
52978
52270
52102
52042
52648
52684
52948
52958
52788
52783
52941
52476
52659
52623
52555
52281
52579
52219
52743
52180
52893
52274
52865
52751
52242
52657
52457
52245
52821
52373
52755
52363
52847
52033
52032
52838
52858
52140
52570
52405
52124
52785
52226
52820
52468
52004
52674
52520
52473
52902
52812
52497
52492
52179
52240
52178
52636
52088
52369
52878
52236
52440
52419
52410
52330
52316
52300
52507
52626
52137
52923
52227
52767
52119
52798
52899
52649
52451
52819
52324
52244
52354
52218
52676
52898
52289
52734
52418
52016
52462
52578
52963
52320
52181
52760
52182
52842
52769
52250
52163
52516
52073
52008
52345
52956
52271
52127
52266
52883
52864
52118
52862
52539
52202
52529
52011
52792
52521
52848
52739
52333
52943
52699
52551
52599
52315
52564
52831
52946
52298
52347
52700
52214
52683
52275
52401
52344
52980
52078
52933
52128
52593
52239
52072
52839
52122
52187
52723
52199
52733
52414
52329
52368
52653
52024
52461
52624
52633
52460
52988
52724
52695
52233
52057
52832
52585
52971
52053
52818
52176
52110
52647
52711
52731
52913
52054
52536
52183
52086
52115
52017
52021
52210
52639
52608
52799
52046
52087
52125
52399
52334
52142
52308
52915
52590
52378
52306
52108
52069
52238
52147
52295
52496
52258
52927
52983
52752
52491
52203
52103
52056
52952
52884
52304
52581
52443
52116
52438
52632
52157
52614
52841
52571
52278
52591
52293
52666
52200
52778
52891
52887
52906
52896
52114
52389
52135
52427
52692
52976
52784
52272
52372
52961
52580
52083
52408
52453
52189
52757
52388
52485
52844
52907
52104
52471
52132
52442
52548
52825
52150
52290
52269
52447
52512
52921
52993
52535
52826
52718
52694
52725
52999
52336
52562
52813
52049
52321
52959
52681
52547
52224
52098
52501
52546
52317
52533
52977
52097
52967
52421
52651
52294
52982
52932
52430
52604
52620
52215
52371
52082
52523
52526
52759
52625
52966
52170
52774
52814
52714
52741
52795
52342
52586
52610
52220
52361
52058
52212
52758
52722
52811
52148
52675
52348
52720
52426
52380
52698
52505
52066
52567
52922
52857
52852
52511
52877
52065
52565
52454
52730
52609
52232
52882
52340
52678
52810
52985
52713
52553
52594
52068
52509
52490
52478
52162
52508
52717
52702
52406
52396
52149
52901
52566
52165
52048
52494
52417
52598
52592
52423
52527
52433
52208
52192
52252
52249
52079
52319
52879
52771
52474
52601
52349
52195
52587
52305
52630
52641
52855
52228
52331
52514
52043
52542
52084
52360
52172
52806
52248
52671
52386
52909
52871
52750
52998
52540
52257
52018
52746
52096
52190
52256
52765
52303
52280
52152
52493
52770
52260
52868
52850
52903
52070
52563
52479
52843
52745
52439
52130
52291
52897
52968
52950
52383
52091
52434
52803
52929
52538
52131
52618
52352
52153
52627
52023
52754
52621
52326
52251
52629
52470
52801
52403
52160
52920
52687
52773
52431
52791
52323
52325
52381
52708
52085
52517
52428
52990
52802
52939
52611
52221
52737
52660
52515
52588
52353
52575
52034
52513
52995
52143
52781
52029
52095
52833
52934
52404
52207
52231
52205
52911
52709
52603
52351
52926
52362
52276
52994
52804
52937
52892
52863
52129
52622
52003
52768
52395
52175
52764
52835
52856
52387
52643
52650
52062
52154
52397
52766
52467
52093
52036
52297
52836
52617
52105
52002
52854
52984
52753
52472
52661
52012
52415
52469
52412
52756
52942
52894
52873
52670
52729
52357
52808
52402
52432
52867
52807
52299
52246
52223
52355
52213
52644
52071
52081
52446
52895
52037
52158
52870
52987
52638
52139
52970
52905
52914
52582
52890
52889
52420
52156
52217
52886
52337
52450
52554
52001
52146
52544
52677
52311
52996
52816
52197
52411
52991
52938
52390
52962
52727
52600
52343
52005
52243
52264
52301
52602
52292
52075
52384
52628
52780
52790
52605
52710
52100
52805
52222
52422
52849
52328
52193
52265
52748
52953
52211
52031
52822
52823
52541
52925
52957
52880
52658
52445
52377
52145
52728
52787
52837
52885
52875
52136
52749
52487
52782
52735
52230
52561
52664
52283
52099
52144
52631
52452
52391
52169
52955
52845
52556
52663
52166
52619
52947
52919
52261
52168
52255
52606
52851
52177
52435
52113
52853
52596
52424
52740
52052
52020
52738
52201
52747
52992
52704
52253
52775
52574
52028
52794
52951
52466
52732
52861
52063
52039
52944
52874
52830
52047
52441
52247
52041
52543
52090
52134
52589
52679
52772
52416
52549
52583
52322
52793
52558
52010
52009
52171
52196
52061
52123
52120
52881
52074
52346
52572
52707
52089
52045
52409
52486
52576
52392
52241
52385
52126
52277
52701
52112
52918
52437
52797
52935
52282
52815
52876
52077
52742
52697
52499
52796
52776
52064
52307
52026
52665
52483
52059
52209
52703
52655
52465
52367
52945
52693
52151
52194
52480
52459
52000
52789
52025
52394
52809
52313
52379
52800
52268
52761
52910
52545
52669
52288
52185
52080
52092
52973
52015
52645
52060
52777
52981
52506
52559
52164
52477
52736
52376
52027
52532
52191
52931
52646
52936
52824
52965
52332
52358
52719
52989
52413
52716
52400
52924
52263
52503
52038
52458
52829
52607
52690
52568
52744
52035
52287
52076
52014
52662
52846
52696
52726
52597
52111
52393
52489
52229
52365
52552
52916
52721
52310
52259
52398
52254
52327
52155
52273
52429
52904
52949
52900
52612
52668
52138
52482
52964
52286
52188
52436
52109
52550
52314
52859
52705
52302
52341
52510
52763
52425
