52167
52644
52804
52817
52326
52971
52777
52181
52382
52594
52438
52872
52575
52359
52616
52081
52846
52793
52859
52268
52812
52951
52062
52258
52656
52703
52691
52896
52057
52917
52122
52464
52226
52597
52274
52275
52682
52704
52979
52332
52745
52440
52990
52560
52461
52888
52117
52055
52195
52093
52206
52233
52655
52651
52401
52621
52077
52194
52001
52305
52220
52781
52515
52417
52799
52068
52918
52919
52157
52222
52604
52192
52118
52623
52240
52862
52335
52348
52827
52025
52728
52776
52744
52387
52920
52937
52309
52070
52526
52163
52771
52686
52882
52822
52553
52835
52932
52945
52677
52809
52472
52953
52261
52825
52148
52864
52277
52712
52619
52043
52739
52495
52361
52291
52596
52632
52666
52251
52384
52003
52061
52889
52069
52404
52533
52544
52436
52236
52219
52996
52031
52266
52385
52378
52133
52685
52238
52763
52176
52933
52580
52678
52853
52314
52581
52370
52845
52897
52027
52412
52430
52262
52962
52108
52292
52887
52848
52698
52983
52462
52421
52999
52110
52769
52414
52967
52801
52796
52019
52391
52636
52843
52805
52773
52645
52437
52830
52160
52693
52114
52479
52320
52175
52286
52766
52802
52634
52383
52988
52813
52352
52053
52034
52836
52713
52787
52758
52154
52379
52390
52166
52013
52735
52761
52290
52570
52376
52049
52939
52239
52476
52232
52446
52972
52389
52509
52969
52311
52367
52792
52834
52088
52208
52351
52012
52264
52976
52611
52407
52288
52310
52964
52720
52783
52487
52519
52770
52004
52100
52600
52929
52452
52112
52048
52155
52903
52880
52139
52545
52410
52797
52718
52780
52895
52821
52564
52342
52736
52849
52128
52282
52369
52508
52847
52532
52170
52431
52607
52355
52196
52748
52059
52510
52250
52002
52520
52353
52072
52598
52475
52956
52418
52343
52357
52245
52244
52563
52346
52179
52230
52272
52010
52870
52090
52869
52235
52794
52800
52626
52760
52911
52415
52608
52599
52878
52680
52293
52925
52247
52419
52336
52422
52131
52102
52423
52492
52603
52331
52224
52537
52695
52876
52975
52047
52973
52151
52507
52899
52591
52402
52814
52259
52806
52030
52018
52513
52829
52662
52005
52810
52489
52270
52000
52701
52501
52935
52318
52265
52905
52225
52605
52039
52183
52496
52295
52576
52107
52339
52974
52965
52416
52856
52042
52165
52104
52121
52672
52098
52469
52926
52296
52111
52860
52562
52439
52152
52483
52150
52717
52084
52071
52396
52738
52213
52842
52837
52875
52884
52683
52243
52587
52187
52210
52124
52673
52134
52535
52223
52667
52569
52592
52185
52987
52750
52330
52020
52340
52710
52742
52324
52746
52759
52467
52995
52566
52480
52140
52635
52823
52172
52649
52036
52590
52966
52137
52161
52297
52120
52861
52629
52942
52610
52079
52029
52037
52755
52699
52184
52009
52301
52669
52317
52664
52434
52413
52341
52752
52365
52127
52450
52940
52978
52772
52957
52280
52241
52473
52631
52260
52177
52892
52229
52947
52459
52757
52944
52602
52633
52753
52221
52278
52828
52565
52850
52086
52345
52368
52267
52774
52105
52622
52307
52943
52109
52054
52902
52540
52284
52159
52523
52583
52022
52455
52674
52618
52572
52329
52014
52521
52601
52478
52946
52725
52395
52915
52256
52726
52033
52095
52670
52657
52908
52536
52441
52328
52164
52442
52517
52993
52546
52252
52302
52620
52595
52702
52279
52443
52785
52354
52991
52356
52065
52661
52199
52873
52432
52315
52463
52180
52380
52754
52015
52567
52458
52955
52543
52582
52808
52585
52454
52263
52451
52205
52894
52690
52832
52694
52522
52499
52721
52994
52786
52470
52281
52130
52349
52466
52765
52313
52344
52449
52617
52202
52193
52481
52855
52606
52950
52584
52427
52146
52103
52883
52116
52692
52548
52046
52877
52234
52375
52923
52588
52058
52169
52428
52612
52503
52893
52798
52637
52660
52890
52688
52928
52593
52571
52852
52249
52362
52912
52650
52863
52790
52242
52992
52101
52497
52298
52749
52675
52156
52904
52709
52934
52092
52557
52145
52659
52938
52723
52074
52435
52948
52403
52294
52734
52465
52624
52132
52554
52398
52586
52075
52737
52839
52082
52511
52844
52930
52530
52257
52952
52538
52818
52198
52982
52552
52200
52524
52715
52547
52400
52542
52838
52448
52868
52056
52707
52556
52246
52319
52283
52764
52188
52775
52248
52579
52076
52094
52891
52358
52886
52312
52482
52867
52360
52719
52460
52627
52541
52271
52308
52831
52550
52977
52123
52668
52409
52984
52119
52815
52628
52215
52377
52420
52958
52217
52211
52144
52285
52500
52372
52795
52539
52700
52323
52732
52840
52276
52096
52394
52040
52901
52106
52138
52052
52173
52874
52227
52638
52727
52406
52833
52269
52609
52502
52021
52456
52143
52756
52900
52023
52924
52162
52032
52408
52333
52051
52963
52954
52708
52149
52558
52854
52881
52186
52007
52392
52494
52182
52663
52927
52931
52373
52525
52374
52906
52968
52568
52142
52028
52008
52729
52722
52559
52910
52433
52303
52471
52016
52214
52779
52444
52129
52498
52363
52706
52970
52035
52254
52641
52506
52411
52388
52998
52325
52819
52067
52486
52724
52518
52218
52714
52474
52445
52811
52949
52858
52083
52658
52959
52453
52851
52529
52914
52551
52936
52347
52643
52653
52078
52788
52733
52514
52561
52767
52060
52665
52306
52366
52204
52555
52063
52327
52350
52468
52273
52907
52705
52824
52696
52613
52689
52534
52573
52741
52097
52255
52784
52147
52505
52026
52017
52126
52006
52190
52528
52371
52197
52426
52041
52642
52826
52085
52050
52681
52866
52697
52253
52135
52504
52648
52578
52189
52961
52338
52684
52778
52337
52747
52676
52158
52614
52174
52985
52768
52652
52640
52381
52168
52024
52730
52527
52405
52485
52879
52289
52044
52981
52647
52171
52820
52038
52125
52716
52477
52203
52178
52782
52807
52207
52299
52791
52865
52731
52484
52909
52898
52209
52397
52488
52237
52574
52687
52316
52321
52064
52386
52789
52457
52425
52625
52066
52549
52490
52393
52322
52921
52153
52228
52986
52045
52577
52300
52080
52816
52630
52751
52231
52762
52212
52639
52803
52857
52615
52512
52654
52399
52304
52922
52516
52073
52424
52743
52980
52740
52989
52201
52334
52089
52136
52141
52941
52997
52113
52115
52493
52885
52589
52711
52429
52960
52216
52091
52871
52531
52916
52087
52913
52011
52671
52287
52364
52841
52679
52491
52646
52191
52447
52099
