52604
52758
52792
52780
52441
52978
52231
52080
52503
52600
52336
52172
52514
52272
52158
52557
52359
52314
52505
52489
52470
52099
52255
52410
52515
52059
52171
52842
52262
52608
52180
52796
52908
52526
52853
52678
52235
52872
52112
52969
52734
52540
52844
52875
52963
52173
52698
52924
52442
52578
52227
52371
52887
52703
52910
52965
52615
52686
52212
52335
52921
52622
52294
52472
52193
52491
52052
52137
52772
52957
52353
52653
52096
52160
52324
52742
52880
52685
52313
52424
52366
52394
52033
52658
52757
52708
52840
52092
52521
52135
52170
52229
52233
52043
52602
52821
52453
52478
52354
52590
52769
52213
52183
52997
52720
52481
52799
52311
52735
52401
52298
52501
52945
52946
52083
52063
52106
52275
52925
52132
52027
52728
52260
52669
52994
52041
52303
52967
52362
52771
52122
52169
52663
52724
52851
52750
52683
52867
52586
52305
52619
52883
52010
52484
52974
52155
52237
52543
52055
52976
52345
52693
52302
52922
52989
52977
52741
52919
52811
52082
52030
52691
52487
52168
52610
52694
52023
52230
52327
52889
52517
52382
52599
52675
52121
52486
52204
52525
52642
52835
52468
52958
52812
52928
52787
52285
52737
52623
52187
52806
52547
52530
52617
52850
52804
52049
52808
52414
52040
52528
52907
52188
52920
52684
52125
52895
52247
52948
52463
52291
52777
52666
52456
52770
52128
52712
52337
52873
52370
52246
52026
52381
52959
52837
52239
52050
52295
52891
52138
52186
52350
52244
52583
52433
52591
52149
52616
52746
52440
52126
52452
52004
52421
52854
52707
52238
52097
52053
52107
52000
52656
52759
52360
52803
52310
52507
52940
52292
52104
52798
52288
52807
52210
52161
52822
52165
52001
52372
52789
52228
52089
52252
52674
52836
52954
52140
52330
52522
52258
52991
52562
52549
52886
52192
52878
52715
52856
52355
52445
52451
52251
52490
52178
52219
52904
52256
52028
52834
52069
52134
52931
52857
52315
52614
52006
52983
52939
52482
52085
52479
52297
52143
52587
52970
52566
52529
52450
52257
52706
52861
52042
52730
52454
52747
52999
52778
52199
52979
52331
52444
52175
52580
52498
52265
52416
52990
52241
52269
52379
52320
52422
52393
52095
52488
52561
52592
52594
52435
52159
52709
52611
52361
52662
52457
52367
52901
52383
52589
52003
52282
52005
52966
52432
52897
52236
52485
52606
52987
52502
52705
52156
52554
52899
52932
52090
52848
52839
52813
52858
52377
52995
52114
52151
52329
52929
52492
52596
52195
52852
52776
52651
52621
52824
52293
52898
52493
52972
52510
52017
52357
52751
52551
52716
52914
52941
52681
52935
52405
52982
52537
52893
52466
52378
52286
52174
52078
52312
52109
52831
52218
52572
52045
52131
52565
52129
52179
52014
52644
52573
52953
52499
52763
52048
52869
52011
52818
52866
52826
52588
52079
52934
52325
52943
52439
52917
52717
52384
52496
52794
52784
52814
52194
52105
52455
52634
52347
52645
52067
52276
52506
52927
52211
52209
52037
52625
52150
52558
52222
52273
52184
52732
52002
52154
52216
52892
52374
52631
52338
52793
52047
52081
52542
52431
52816
52618
52087
52722
52754
52474
52788
52349
52512
52766
52968
52723
52145
52072
52400
52713
52318
52038
52774
52975
52098
52862
52523
52397
52745
52868
52164
52820
52071
52801
52339
52838
52299
52760
52911
52073
52044
52718
52845
52443
52076
52217
52176
52181
52755
52205
52152
52148
52220
52533
52671
52429
52334
52744
52646
52876
52459
52477
52215
52802
52711
52748
52677
52905
52581
52541
52740
52595
52800
52120
52091
52805
52061
52567
52270
52726
52652
52809
52075
52101
52206
52046
52719
52389
52375
52579
52729
52559
52846
52605
52636
52471
52182
52022
52415
52110
52035
52018
52552
52731
52938
52348
52639
52679
52817
52782
52960
52103
52447
52659
52064
52752
52915
52480
52890
52268
52469
52020
52881
52248
52386
52508
52025
52545
52352
52667
52593
52243
52635
52564
52986
52981
52467
52762
52539
52102
52553
52185
52833
52785
52714
52013
52649
52060
52094
52364
52242
52343
52419
52775
52202
52196
52903
52300
52612
52937
52476
52544
52680
52034
52411
52962
52949
52668
52727
52190
52909
52739
52601
52464
52767
52828
52111
52390
52369
52500
52223
52682
52736
52226
52404
52879
52885
52031
52753
52676
52316
52702
52462
52786
52280
52687
52577
52139
52425
52057
52518
52641
52032
52201
52654
52494
52574
52570
52278
52207
52289
52100
52532
52571
52519
52952
52133
52118
52317
52326
52535
52146
52688
52865
52531
52412
52365
52438
52633
52093
52191
52261
52550
52894
52951
52743
52624
52628
52871
52613
52961
52088
52224
52460
52569
52657
52015
52992
52074
52284
52900
52406
52944
52955
52198
52823
52323
52536
52576
52306
52423
52832
52127
52761
52627
52214
52603
52250
52524
52733
52130
52825
52926
52855
52546
52632
52430
52271
52672
52555
52710
52368
52661
52630
52884
52695
52283
52380
52287
52950
52077
52980
52504
52830
52309
52301
52790
52403
52066
52254
52598
52815
52527
52108
52068
52906
52637
52538
52245
52157
52779
52699
52296
52998
52660
52373
52264
52860
52568
52985
52385
52913
52408
52829
52279
52609
52465
52843
52665
52749
52399
52144
52701
52413
52988
52520
52882
52689
52019
52582
52427
52458
52461
52973
52964
52253
52141
52819
52225
52765
52387
52376
52124
52208
52696
52008
52888
52420
52647
52626
52584
52166
52259
52290
52319
52307
52086
52407
52221
52996
52585
52810
52791
52274
52936
52923
52704
52560
52437
52402
52930
52392
52513
52692
52655
52177
52036
52664
52849
52721
52351
52428
52016
52363
52597
52475
52346
52024
52509
52738
52396
52497
52189
52065
52123
52084
52495
52203
52916
52863
52993
52783
52012
52308
52768
52062
52548
52039
52874
52725
52249
52119
52864
52388
52446
52575
52448
52056
52847
52167
52971
52670
52773
52058
52409
52607
52638
52556
52697
52827
52113
52984
52322
52391
52117
52912
52896
52281
52398
52051
52136
52690
52516
52859
52342
52756
52511
52153
52304
52116
52643
52918
52650
52029
52395
52267
52434
52358
52534
52328
52007
52277
52942
52321
52933
52142
52426
52418
52200
52344
52483
52902
52620
52764
52797
52341
52054
52162
52356
52841
52115
52234
52333
52009
52877
52147
52781
52956
52947
52266
52563
52332
52473
52417
52263
52436
52021
52240
52629
52648
52340
52870
52673
52163
52232
52449
52795
52197
52700
52070
52640
